1
51
85
66
51
77
55
28
9
18
37
82
3
89
46
88
13
88
95
45
57
96
7
92
16
17
17
23
47
13
51
95
20
62
99
48
38
7
52
34
52
52
23
89
84
5
95
59
38
40
85
29
28
24
98
92
51
58
63
9
73
5
82
67
59
34
3
61
43
74
85
99
2
6
10
55
22
39
48
44
20
93
55
90
32
32
79
66
64
48
54
21
97
77
21
87
89
42
90
39
49
78
31
68
38
95
20
57
40
51
68
4
47
13
58
11
3
38
99
69
51
4
78
95
1
83
10
88
29
69
100
73
96
73
20
39
22
47
33
86
30
7
46
5
46
23
18
5
65
95
42
3
12
8
30
53
28
87
35
50
22
51
8
75
30
34
35
2
22
26
30
51
83
26
79
2
55
61
75
94
46
44
80
36
99
16
21
20
94
78
20
54
34
60
12
53
25
71
64
73
72
29
74
22
26
99
80
3
61
22
40
79
6
20
45
9
8
77
84
62
29
56
81
26
23
27
17
64
66
27
97
51
94
53
77
95
100
79
67
4
75
7
27
45
17
14
68
29
73
46
60
7
86
96
4
93
24
28
56
56
33
49
10
94
81
45
12
96
48
57
24
28
2
77
51
77
50
64
85
10
61
68
86
37
71
30
71
58
50
86
43
48
88
23
83
79
29
7
50
85