90
 1 24 25
27 29  1
38 17 53
23 21 49
30 29 54
21 22 65
38 37 42
45 21 24
 3 17 55
42 25 51
 9 11 87
33 22 65
23 27 86
26 25 50
38 33  3
42 15 84
28  5 55
39 26 80
15 40 66
35 42  5
 6 14 63
23 28 32
31 26 21
14 29 86
14 33 84
12 38  1
12 25 74
39 12 38
30  5 78
25 23 37
48 33 54
 5 33 30
18 40 32
38 24 33
39 29 74
14 25 53
 5 30  8
48 14 49
42 48  5
31 20 87
48 32 65
33 27 83
29 18 14
22 33 43
 5 47 81
14 21 85
38 21 84
48 14 74
16 28 22
27 12 22
40 28 63
23 38 65
24 29 48
16 48 14
 5 38 62
24  1 20
35 14 87
46 21 70
13 42 23
24 18 81
33 30 14
45 27 75
12 48 31
14 48 67
10 33 40
 1 15 80
 9 30 38
 9 47 45
30 28 32
45 14 33
18 35 65
28 47 90
 3 27 74
30  5 48
24 33 49
 5 27 21
16 48 58
11 28 29
17 24 28
48 20 24
 8 42 84
38 28 63
11 23 75
24 38 49
38 12 18
41 30 89
20 38 70
 1 20 11
48 42 30
 8 17 35
